%YAML:1.0
---
# map_jpg_link: "02_LaDefense.jpg"
# p1_latitude: "48.896500"
# p1_longitude: "2.227423"
# p2_latitude: "48.887304"
# p2_longitude: "2.252200"

# map_jpg_link: "carte_parc_vesinet_page-0001.jpg"
# p1_latitude: "48.89775"
# p1_longitude: "2.1253444"
# p2_latitude: "48.8956722"
# p2_longitude: "2.129883333"

# map_jpg_link: "COURDIMANCHE.jpg"
# p1_latitude: "49.0486194"
# p1_longitude: "1.99967777"
# p2_latitude: "49.0462514"
# p2_longitude: "2.0060008"

# map_jpg_link: "LADEFENSE1.jpg"
# p1_latitude: "48.8978639"
# p1_longitude: "2.22540555"
# p2_latitude: "48.8891694"
# p2_longitude: "2.2458777"

map_jpg_link: "LADEFENSEFINAL.jpg"
p1_latitude: "48.897347"
p1_longitude: "2.227317"
p2_latitude: "48.886528"
p2_longitude: "2.252236"