%YAML:1.0
---
map_jpg_link: "02_LaDefense.jpg"
p1_latitude: "48.896500"
p1_longitude: "2.227423"
p2_latitude: "48.887304"
p2_longitude: "2.252200"